Pareto front (38 trials) — sorted by win rate then hits:
   #    hits    win%  d_win  d_hit  a_thr  ma_fr   p_fr   p_wt  s_prx   cert  a_dis  m_dec   h_fl   h_bl  pass
------------------------------------------------------------------------------------------------------------------
2778   1.110   83.0%   jack      0  0.056  0.934  0.597  0.807  0.257  0.120  0.262  0.618  0.237  0.279    10
 316   1.330   78.0%   jack      1  0.056  0.934  0.237  0.807  0.257  0.120  0.262  0.227  0.076  0.118     9
3614   1.680   77.0%   jack      0  0.121  0.363  0.563  0.771  0.478  0.072  0.047  0.846  0.237  0.286     5
2955   1.880   76.0%   jack      0  0.121  0.668  0.530  0.771  0.478  0.072  0.262  0.846  0.237  0.286     5
2901   1.910   74.0%   jack      0  0.121  0.668  0.530  0.771  0.478  0.072  0.262  0.846  0.237  0.286     5
 899   2.130   73.0%   jack      0  0.121  0.668  0.228  0.771  0.478  0.072  0.262  0.846  0.237  0.286     5
 511   2.160   70.0%   jack      1  0.138  0.390  0.267  0.807  0.257  0.120  0.470  0.669  0.076  0.118     9
1225   2.750   69.0%   jack      2  0.168  0.390  0.563  0.228  0.270  0.072  0.418  0.669  0.064  0.325     8
1933   2.820   65.0%   jack      2  0.168  0.363  0.563  0.228  0.270  0.071  0.418  0.669  0.064  0.325     8
1457   3.140   64.0%   jack      1  0.215  0.375  0.597  0.771  0.452  0.071  0.064  0.325  0.059  0.355    10
1443   3.190   63.0%   jack      2  0.215  0.363  0.563  0.807  0.257  0.072  0.248  0.424  0.076  0.283     9
3065   3.490   62.0%   jack      2  0.215  0.390  0.563  0.228  0.118  0.071  0.287  0.733  0.059  0.382     8
3689   3.570   61.0%   jack      5  0.215  0.390  0.587  0.228  0.118  0.071  0.287  0.843  0.059  0.382     8
2943   3.790   59.0%   jack      2  0.215  0.390  0.563  0.228  0.118  0.071  0.287  0.733  0.059  0.382     8
3302   3.950   55.0%   jack      3  0.217  0.390  0.563  0.228  0.118  0.071  0.287  0.939  0.064  0.105     8
2381   4.490   52.0%   jack      6  0.246  0.390  0.587  0.228  0.118  0.072  0.418  0.733  0.059  0.382     8
2707   4.630   48.0%   jack      5  0.246  0.390  0.587  0.228  0.118  0.071  0.418  0.843  0.059  0.382     8
3244   4.650   46.0%   jack      7  0.246  0.390  0.360  0.228  0.118  0.071  0.262  0.618  0.076  0.118    10
2521   4.680   45.0%   jack      7  0.246  0.390  0.360  0.228  0.118  0.071  0.319  0.618  0.076  0.371    10
3729   4.700   44.0%   jack      5  0.246  0.390  0.563  0.228  0.118  0.072  0.418  0.843  0.059  0.382     8
2975   4.810   40.0%   jack      4  0.246  0.363  0.563  0.157  0.118  0.072  0.248  0.733  0.214  0.286     9
 922   4.960   39.0%   jack      2  0.306  0.390  0.228  0.750  0.513  0.071  0.287  0.618  0.064  0.150    10
3823   5.360   37.0%   jack      5  0.306  0.390  0.597  0.228  0.153  0.071  0.287  0.424  0.059  0.064     4
3781   5.390   34.0%   jack      4  0.306  0.363  0.402  0.157  0.257  0.071  0.248  0.618  0.059  0.267     9
3972   5.430   33.0%   jack      4  0.306  0.390  0.237  0.814  0.118  0.072  0.334  0.733  0.059  0.382     6
2988   5.460   32.0%   jack      2  0.306  0.390  0.262  0.750  0.118  0.071  0.319  0.618  0.059  0.146     3
 764   5.520   30.0%   jack      5  0.306  0.375  0.597  0.228  0.153  0.071  0.287  0.424  0.064  0.068     4
2827   5.530   29.0%   jack      4  0.306  0.390  0.402  0.157  0.458  0.071  0.470  0.316  0.076  0.371    10
3984   5.680   28.0%   jack      9  0.306  0.390  0.237  0.157  0.118  0.071  0.173  0.618  0.059  0.146     3
3550   5.740   25.0%   jack      9  0.306  0.390  0.237  0.157  0.118  0.071  0.173  0.618  0.076  0.118     6
3932   5.860   24.0%   jack      9  0.306  0.390  0.237  0.157  0.118  0.071  0.173  0.618  0.076  0.118     6
3354   6.010   22.0%   jack      4  0.357  0.390  0.237  0.228  0.257  0.072  0.418  0.733  0.059  0.382     9
2931   6.060   19.0%   jack      4  0.376  0.390  0.476  0.867  0.118  0.071  0.470  0.733  0.064  0.105     7
2487   6.180   18.0%   jack      6  0.376  0.668  0.360  0.116  0.118  0.072  0.470  0.316  0.076  0.148     9
 836   6.250   17.0%   jack      3  0.376  0.668  0.563  0.116  0.118  0.072  0.262  0.677  0.076  0.148     9
2074   6.380   15.0%   jack      6  0.376  0.668  0.563  0.116  0.118  0.071  0.262  0.846  0.076  0.148     9
3066   6.620   12.0%   jack      6  0.376  0.991  0.563  0.116  0.118  0.071  0.262  0.846  0.076  0.148     9
3263   6.700   10.0%   jack     10  0.456  0.909  0.563  0.116  0.118  0.072  0.319  0.843  0.059  0.132     9